2
1 73 0.0 13.78112058 0.0 54955.73296
    1    7.85638    4.57094	    7.64040   12.23532    1
    2    0.56049    2.33077	  -20.07151    9.36489    2
    3   -2.01152    2.66345	   -0.69806   10.20863    3
    5   -1.32732    2.90278	  -12.99842    9.00568    5
    6    6.53163    3.13146	  -14.10094    9.92670    6
    7    4.33868    3.20843	   -5.44682   10.24477    7
    8    0.54180    2.85671	    8.55225    9.11868    8
    9    1.28887    3.47268	   12.58497    9.08647    9
   10   -2.09232    5.86087	  -14.79579   15.07865   10
   13   -8.10791    2.75101	    8.93513    8.32077   13
   14   -4.53742    3.48304	   -4.64232    8.31911   14
   15   -2.83533    3.46316	    8.73080   11.78368   15
   16   16.76509    5.97612	   17.49367   15.89859   16
   18   -7.62684    7.92693	    6.10845   19.96588   18
   20   -1.89727    3.27349	    9.54187    9.47988   20
   22    6.28254    2.40613	  -14.23480    6.25904   22
   23  -14.29040    3.65503	   -7.37071   11.99783   23
   24   -4.05168    2.99552	    1.00035   10.62940   24
   25   -1.60271    2.66737	  -11.84506    7.70742   25
   27    1.63567    3.42923	   -2.38132    9.41354   27
   28   -3.26969    7.19361	   -0.82571   17.65545   28
   29    4.30480   11.25347	   60.93676   34.45843   29
   30   -7.31380    2.79494	    1.43493    8.24152   30
   33   -0.79534    2.37692	    4.41372    6.88924   33
   34   -8.70573    3.24334	   -4.33663    7.51026   34
   35    2.38873    1.75056	    4.14180    4.58601   35
   36   -5.53924    1.55693	   -5.71807    3.83414   36
   38   -9.60961    4.57397	  -14.75204   10.56033   38
   39   -4.83620    2.40216	    0.76028    6.42890   39
   41   -2.39410    1.87981	    1.68250    4.83041   41
   42    1.61202    1.49980	    6.83136    3.57291   42
   43    0.01636    1.76617	    2.77946    4.18134   43
   44   -4.95535    1.50931	  -16.61226    4.31058   44
   46    1.73796    1.35381	   -0.03339    3.38373   46
   47   -1.89883    1.84041	   -0.78015    4.13291   47
   48    2.32165    2.32962	    5.84597    6.81381   48
   49    2.23404    2.06398	   -7.86281    5.66699   49
   50    0.48359    1.07095	   -1.30489    2.61093   50
   51   -0.44012    1.72083	    5.72510    4.11512   51
   53    3.25795    1.77837	    3.22609    4.51200   53
   54    2.89539    1.61459	   -0.92177    3.38957   54
   55    3.13678    2.00865	    7.55679    4.82763   55
   56    0.58257    1.33042	    2.98275    3.19963   56
   57    2.78707    1.79057	    4.83267    4.38351   57
   58    6.33405    2.55632	   12.15949    7.08736   58
   59    2.38801    2.27642	    0.20464    6.17811   59
   61    1.92777    1.82549	   -1.85911    4.92007   61
   62    3.59132    1.66711	    0.03824    4.33825   62
   63    3.20611    1.46847	   -0.82226    4.05365   63
   64    2.28825    1.70707	    1.11032    4.34228   64
   66    0.81359    3.08865	   -1.86231    8.79346   66
   68    8.55088   21.67444	   28.77753   55.25210   68
   69    0.31416    1.69506	    5.88420    4.32628   69
   70    3.10051    2.07243	    3.41441    5.13160   70
   72    0.99657    2.44336	   -6.94490    6.32920   72
   73    9.90572    4.54660	  -12.48630   12.05989   73
   74    4.30818    2.67620	    2.61410    8.11487   74
   75    0.23929    1.12453	   -2.06000    2.47287   75
   76    0.02059    2.49790	   11.13321    7.36984   76
   77    2.60939    3.83549	   10.93377   10.06699   77
   78    3.26074    1.23768	   -4.60359    3.08499   78
   79   -1.44518    2.12254	   -0.08320    5.87303   79
   80   -0.61887    1.75314	   -0.99334    4.62975   80
   81   -4.00323    2.02479	   -2.49453    4.86119   81
   82   -4.15082    1.64481	    1.01994    4.14621   82
   83    3.46725    1.99714	   13.21982    5.59244   83
   84   -2.65357    1.22315	   -0.98353    3.09158   84
   85   -1.74150    2.88208	    4.06475    7.02712   85
   87   -3.98691    1.78528	   -0.57359    5.12015   87
   88   -3.23179    1.26541	    0.52749    3.41936   88
   89   -2.07236    1.70840	   -6.81209    4.94542   89
   90   -1.77302    2.81434	    2.60186    9.14836   90
   91    0.34200    3.40759	   10.78463    9.37177   91
2 45 0.0 23.08877287 0.0 54957.81974
    1  -24.40677    3.41029	  -33.64315   21.63968    1
    2  -26.39502    5.35187	   11.87536   16.37001    2
    3  -17.31727    7.03425	   45.95915   44.82740    3
    4  -15.52786    1.84524	  -47.11311   18.02328    4
    5  -25.47378    6.05006	    1.96721   15.39943    5
    6  -15.49536    3.64974	   10.50213    9.65563    6
    7   -1.20400    3.12907	  -12.74362   10.47408    7
    8   -8.86619    3.10084	   -3.62692   10.72397    8
    9    0.61197    3.78175	   -8.55662   13.19694    9
   10   -3.86638    3.09294	   -1.25461    8.92615   10
   11   -3.67354    4.18303	    0.61380   12.38481   11
   12   20.11147    2.79318	  -43.37483   21.45471   12
   13    6.01373    4.14680	    2.80840   30.44888   13
   14    7.10198    3.55066	  -10.58043   10.65517   14
   15   10.52537    5.06118	  -11.74102   17.82755   15
   16    8.42216    3.17956	    2.11187    9.34310   16
   17    6.20367    5.84749	   35.42484   20.64259   17
   18   21.42432    3.19537	  -39.00941   31.18916   18
   19   12.05379    1.75489	   -3.41464    4.56926   19
   20   15.32284    1.38138	   -8.98290    3.45575   20
   21   13.94051    2.53079	   -2.23769    6.10492   21
   22   12.33385    2.15917	    8.58386    5.23513   22
   24   13.31724    4.75161	   15.08615   13.01874   24
   25    4.12659    2.05379	    9.14195    4.58735   25
   26   -1.49368    2.27163	   17.66666    5.71225   26
   28    0.98860    1.92983	   -8.47810    4.88522   28
   29    0.11517    2.85269	   -4.91206    7.75758   29
   30   -3.55917    2.42184	   -3.21256    6.09393   30
   31   -3.47881    6.50020	    0.86419   15.27414   31
   32   -6.75094    1.51482	   -5.22928    3.66224   32
   33  -10.29360    3.16753	  -12.20106    8.84156   33
   34  -14.49401    2.98052	   -6.64357    7.12614   34
   35   -5.92244    3.34106	   10.27195   10.25252   35
   37  -16.13674    1.68110	    6.12205    4.19602   37
   38  -17.72340    2.87516	    5.53825    7.71547   38
   39  -18.05905    2.83955	   -0.86433    7.08929   39
   41   -7.19536    5.94199	    1.81220   16.47292   41
   45  -12.72778    3.64979	   -2.96410   12.25958   45
   48   -2.63060    3.46311	    5.95439    9.17892   48
   49   -0.15825    4.78740	   14.69684   13.97864   49
   50    0.51588    2.26831	    0.77987    5.22131   50
   51    2.58276    2.30707	    8.20110    5.75570   51
   52    8.37780    3.45271	   -3.10729   13.22604   52
   53    8.45398    2.91612	    8.70652    7.43859   53
   54   13.74780    2.56900	    3.88239    5.79106   54
