sap_problem_times = [268.155743395954, 280.5343151584008, 
                     401.80753638857107, 442.1263129862549, 
                     599.1205555880572, 628.8291278179295, 
                     735.9554098910177, 761.0662268948383, 
                     908.1576120866835, 936.8051638797747, 
                     1073.286344703808, 1093.0920595237228, 
                     1188.9007902711458, 1244.78119994162, 
                     1373.8352377081853, 1404.2511568959117, 
                     1559.830705582006, 1581.404787796556]




pdcsap_problem_times = [260.5630369411632, 289.59255609149557, 
                        357.9464104351387, 442.5832149118438, 
                        599.1389023997765, 679.7157121751387, 
                        736.3415771208212, 761.296777793914, 
                        907.1573792790929, 936.6961882390802, 
                        1064.477001481508, 1093.5065206318404, 
                        1189.2020758660067, 1245.2239549280516, 
                        1373.0047681704798, 1414.766532562186, 
                        1559.608554428055, 1583.2905305770105]