55429.5628670884	0.9999947687332809	0.00009491824657263959
55429.5833003125	0.9999926173419552	0.00009540509493920218
55429.6037337366	0.999932560203616	0.00009608400206367913
55429.624167060225	1.0000865581838585	0.00009692285631626143
55429.64460028339	0.9998765368352165	0.00009735321869037241
55429.665033706326	0.9998910924693714	0.00009437017939016527
55429.68546702902	0.9999783669241378	0.00009502718747086045
55429.705900251254	1.0000327664250404	0.00009732946748235616
55429.74676699502	1.000232716513823	0.00009519823565253831
55429.787633637396	1.0000488496632889	0.00009552587768017588
55429.80806695823	0.9999307999057642	0.00009880951245878337
55429.84893359874	0.9999907623362831	0.00009789240354226595
55429.86936691864	0.9999992475090473	0.00009483745707854816
55429.88980023808	0.9999762277204358	0.00009448744779340864
55429.91023355706	1.0000049018364106	0.00009480481144019058
55429.930666876025	0.9999643533474241	0.00009450771635437679
55429.951100194536	1.0000806110667493	0.00009618184887848
55429.97153351258	1.0000219299314754	0.0000954991428614536
55429.99196683062	0.9999033456059307	0.00009509830820993556
55430.0124002482	0.9999116183179861	0.00009481363305596812
55430.03283346531	0.9998909896777388	0.00009538495821663701
55430.05326678218	0.9999909730297231	0.00009549226411703383
55430.07370019883	0.9999669507248119	0.00009495926429079755
55430.09413341501	1.0000054329210737	0.0000992919418559765
55430.11456673119	0.9998857254552391	0.00009447921156994959
55430.13500014667	0.9999396203499518	0.0000943707075988579
55430.15543336215	1.000099805159941	0.00009559918026157939
55430.175866677164	0.9999539531776519	0.0000946725058282847
55430.19630009172	0.9999741698491885	0.00009479781385611467
55430.216733306035	1.0000340850330631	0.00009468967075825326
55430.237166720115	1.0001267520979833	0.00009583014509069251
55430.25760003397	1.000041539121308	0.0000972267740709043
55430.278033247356	0.9999291053953905	0.00009868777291323736
55430.298466660504	1.0001721697394064	0.00009574408902674249
55430.318899973194	0.99991771867483	0.0000985828887926866
55430.33933328565	1.0000563442990655	0.0001012457928031405
55430.35976659787	1.0001650589662798	0.00009684129264478531
55430.380199909625	0.9999879986526394	0.00009660061653951045
55430.40063322114	0.9998031422503482	0.00009691617341209377
55430.4210666322	0.9999830315970526	0.00009530573881199807
55430.44149984326	0.9999362021557981	0.00009449116672144653
55430.46193315362	0.9999065458470869	0.00009462118091385576
55430.48236656398	1.0001372598694336	0.00009519539798894707
55430.50279977387	0.9998866289712005	0.00009644405160621798
55430.52323308353	0.9999860708889405	0.0000950851644468646
55430.543666392725	0.9998399736180077	0.0000943859032763929
55430.58453301042	1.0000755509636918	0.00009565458279746663
55430.60496631868	0.999991720973679	0.0000944729620482867
55430.62539962671	1.0000481028684995	0.00009501388378419473
55430.64583303427	0.9999610213248765	0.00009498595191053968
55430.66626624184	1.000061588632581	0.00009519125969513553
55430.68669954871	0.9999797030199535	0.00009474041175900725
55430.70713295557	0.9999356154942096	0.00009540546232194822
55430.72756616197	1.0000825129088713	0.00009458837681072827
55430.74799946814	0.9999140860142294	0.00009460305935036814
55430.76843287384	1.0000068378450178	0.00009459872874181379
55430.78886607931	0.999982922684868	0.00009516973489851484
55430.80929938455	0.9999781381506753	0.00009488119374490631
55430.829732789316	1.000083496620905	0.00009474946215761147
55430.85016609386	0.9998828776618859	0.00009437781648056521
55430.87059929793	1.000043703330213	0.00009433919978713256
55430.891032701766	0.9999462305844629	0.00009526592509454976
55430.911466005375	1.0001298211522296	0.00009457969036665741
55430.93189920875	0.9999252817634532	0.00009453285996768983
55430.952332611654	0.9999509512756466	0.00009460913485370256
55430.97276591433	0.9999897972965267	0.00009459467936550962
55431.013632518516	0.999964487531207	0.00009693003267043642
55431.03406582003	0.9999380816631261	0.00009601294745147276
55431.054499221544	0.9999161287978331	0.00010193831900405258
55431.07493242258	1.000043081371141	0.00009562655238722523
55431.095365723166	1.0000965578974768	0.00009520036154355449
55431.115799123516	1.0000249032117212	0.00009436539032074476
55431.136232323624	1.0000036474360678	0.00009441355147836392
55431.15666562351	0.9999338713973573	0.00009526765383217187
55431.177098922926	1.0000959612452822	0.0000944387480163135
55431.19753222187	1.0000687066932463	0.00009721094859542389
55431.217965520824	0.9998784739855833	0.00009734104127534819
55431.23839881931	0.9999839737996659	0.00009495263160256668
55431.279265415345	0.9999382990528438	0.00010185487771516736
55432.21917537449	0.9944614104137555	0.001409123576972376
55432.23960855761	0.9941567575570969	0.001348672109493886
55432.26004194026	0.9942116530605456	0.0012757613559030128
55432.28047522245	0.9939009159578802	0.001186720708574931
55432.300908404635	0.9936889012593455	0.0011061847490837177
55432.32134178635	0.9937884697028394	0.0010446965416934868
55432.34177506761	0.9937511060160105	0.0009517386843122624
55432.362208348866	0.9938823104940487	0.0008828343482398306
55432.38264162942	0.9940871068115535	0.0008079981770796565
55432.40307490998	0.9941871331508056	0.0007282179186955046
55432.42350819007	0.9944628959119615	0.0006682182389956172
55432.44394146992	0.9948865068039194	0.0006107725329304229
55432.46437474955	0.9953619577504902	0.0005465405497002135
55432.48480802871	0.9977375835791262	0.0004707058110862816
55432.56654124232	1.0002895608330358	0.0002864107734514945
55432.58697441985	1.0003588152443506	0.000247784323566884
55432.60740779714	1.0000893911687427	0.0002100252876486103
55432.62784107421	1.0003956490968346	0.00017459648132412293
55432.64827425081	1.0001281966567037	0.0001645547557952439
55432.66870762718	1.0001268065667699	0.00013033638866757446
55432.689140903305	1.0000642167596776	0.00011468251402801965
55432.709574078974	0.9999568940427459	0.00011319632144141707
55432.730007454404	0.9999966678472164	0.00009558523321929034
55432.750440729375	1.0000315901152412	0.00009442998222876367
55432.770873904345	1.0001131689417535	0.0000941733008147983
55432.79130727862	1.0000267168432107	0.00009427336065146935
55432.81174055288	0.9998140203959369	0.00009682772235042036
55432.83217382669	0.9998928193157489	0.00009819600669646214
55432.852607100256	1.000033276056073	0.00009555558996707201
55432.87304027336	0.9998738714512048	0.00010022044685634713
55432.89347364624	0.999986153533543	0.0001004713951647134
55432.91390691888	1.0000220537371896	0.00010056464537012253
55432.93434019105	0.9999392217958498	0.00010436625940300631
55432.954773462996	1.000165935025156	0.00009700135105889772
55432.9752067347	0.9999740739369386	0.00010140995467969083
55432.995640005945	1.0003150370489338	0.0001023278653791011
55433.03650654774	1.0000301452454075	0.0000981662585572835
55433.056939818045	0.9999420740169358	0.00009678821023591595
55433.07737318813	1.0000160013454744	0.00009640468277603298
55433.09780635797	0.9999025987073735	0.00009478613812192686
55433.11823962735	1.0000316218739114	0.0000955380264597956
55433.1386729965	0.9998820054496058	0.00009474507141643786
55433.159106165185	1.0000955437824028	0.00009424534652475719
55433.17953943363	1.0000085802401586	0.00009427285755128243
55433.19997280185	0.9999317361538766	0.00009458231127864268
55433.220405969594	0.9998639667779465	0.00009423958880196043
55433.24083933735	0.9999076805689573	0.00009424568264483434
55433.2612726044	1.0000743221517094	0.00009446374423764057
55433.28170577146	0.9999818592565224	0.00009427641608058678
55433.30213913804	1.000158151298574	0.00009429610661524633
55433.32257240416	1.0000054240779366	0.00009478275202872438
55433.34300557028	0.9998686613703237	0.00009429958903133075
55433.363438935936	1.000128204334262	0.00009449607884515649
55433.38387220113	0.999895088147008	0.0000948283493495672
55433.40430546631	1.0000478380969529	0.00009478612490514094
55433.42473873104	0.999872424697309	0.00009438885904146455
55433.4451719953	0.9999375129327112	0.00009702708818305872
55433.46560525932	1.0000607429442794	0.00009432303288170812
55433.486038623116	0.9998529264597408	0.00009689485791653858
55433.50647178668	0.9998978290272935	0.00009616617583402817
55433.526905049766	1.0002311500812322	0.00009523826597565257
55433.54733831263	1.0000353028429565	0.00009832176624894904
55433.56777157503	0.9999158747275821	0.00010165143615174114
55433.58820493742	1.0001217508783073	0.000094390075276152
55433.60863809912	0.999957688933752	0.00009785273790225508
55433.62907136082	1.0001620273412315	0.00009495978179971328
55433.649504722045	0.9999427555499465	0.00009630549555737626
55433.669937883045	1.000099088845705	0.00009440182047949639
55433.69037114358	1.0000044654734686	0.00009560323936655792
55433.71080450388	0.9999440878073205	0.00009553339321258137
55433.731237663946	1.0000530084631585	0.00009477284829085437
55433.75167092355	0.9998421542379388	0.00009475576397946072
55433.772104282914	0.9998995158825597	0.00009602812847640625
55433.812970700725	0.9998535217125647	0.00009465122885482497
55433.83340405916	0.9999101489617986	0.0000943863743990612
55433.853837317365	1.0000640643757097	0.00009446226348761617
55433.87427057511	1.000047934118233	0.00009433866456117752
55433.89470383261	0.9999652895153381	0.00009442512596223529
55433.91513708988	1.0000927853018755	0.00009465131945406841
55433.93557034669	1.0000297739853532	0.00009627688273294632
55433.95600360326	0.9997880585575292	0.00009441415004699265
55433.976436859375	0.9999953191424404	0.00009449984988534305
55433.996870215255	0.9999636849664932	0.0000946824053107441
55434.01730337089	1.000172809579841	0.00009477910013521764
55434.037736626306	1.0000862289806474	0.0000949022737293142
55434.05816998125	0.9999333606233006	0.00009545817804464843
55434.07860313596	1.000079566929765	0.00009479487099125667
55434.09903639021	0.9999117300245071	0.00009487216781241192
55434.119469744226	0.999935931893591	0.0000949793938452301
55434.139902898	0.9999945345435425	0.00009474217876503016
55434.16033615155	1.0000873463373914	0.00009455833756088935
55434.18076950463	0.999993469206981	0.0000951298515712626
55434.20120265748	0.9998326453508103	0.00009508168752917584
55434.22163590987	1.000114797437025	0.00009466925240076398
55434.262502413934	1.0000390803686914	0.00009478596673735204
55434.28293576539	0.9997884170072084	0.00009507406770605785
55434.30336891661	1.0000967615131948	0.00009705176183762474
55434.32380216759	0.9998624895843804	0.00009565237799108152
55434.34423551812	1.000048460835454	0.00009581874054286163
55434.36466866841	1.0000972643416894	0.00009585686243306568
55434.38510191846	0.9999919480020665	0.00009573788138454011
55434.40553526805	0.9999069885326233	0.0000970225542018505
55434.425968517404	1.0000144052055115	0.00009545752853064116
55434.44640166653	0.9999064460513178	0.0000953493532524054
55434.48726826362	0.9998003646806524	0.0000946144180350718
55434.507701411574	1.000213578352393	0.00009500431863862753
55434.52813475954	1.0000452559965751	0.00009596257782202
55434.54856800703	1.000081156748613	0.00009473340143080083
55434.56900115406	1.0001127988087513	0.00009467562130312025
55434.58943450086	0.9999034960663358	0.00009477991038756558
55434.609867747415	1.0001423699164842	0.00009435248810024713
55434.63030109375	1.0000440197791702	0.00009459896511563985
55434.650734239614	0.9998729234526379	0.00009498521598178003
55434.67116748524	0.9999830981077741	0.00009548696485862712
55434.69160083041	0.9999344655103943	0.0000950896262680613
55434.71203397558	0.9997981353864905	0.00009494098102832196
55434.73246722004	0.9998333551591589	0.0000945512142971581
55434.75290056451	0.9999063245540618	0.00009453461500357691
55434.773333708516	1.000096652089662	0.000095705726084833
55434.79376695228	1.000079896288601	0.00009541895116108915
55434.81420029559	1.000043082745215	0.00009465997977963163
55434.83463343866	1.0001595053972197	0.00009486984886248813
55434.85506668149	0.9999906132769578	0.00009657205745330676
55434.8754999241	0.9999331378673691	0.00009578111966673724
55434.89593316624	0.9999049153725896	0.0000956246985272791
55434.91636640814	1.0000464964976428	0.00009439320455661225
55434.93679974959	0.9999448131769668	0.0000966130351967286
55434.957232890796	1.0000114120279124	0.00011339658182630767
55434.97766623177	0.9998674756255346	0.00015490438085480153