55429.5628670884	0.9999906159327729	0.00009453815104517929
55429.5833003125	0.9999824566995142	0.00009453769352931417
55429.6037337366	0.9999295567124659	0.0000945366538511206
55429.624167060225	1.000081323601641	0.00009454312032936494
55429.64460028339	0.9998684420993951	0.00009453482164526402
55429.665033706326	0.9998913917085298	0.00009453517899949309
55429.68546702902	0.999986254303324	0.00009454054273783654
55429.705900251254	1.0000298400066625	0.00009454156730046533
55429.74676699502	1.0002289224996654	0.00009454989256263329
55429.787633637396	1.0000437986280903	0.00009454456333462783
55429.80806695823	0.9999193443282539	0.00009454050095511804
55429.84893359874	0.9999798246921491	0.00009454324189762212
55429.86936691864	0.9999963033618019	0.00009454431404457873
55429.88980023808	0.9999768596587056	0.00009454388398350419
55429.91023355706	1.0000028842655981	0.00009454455875177039
55429.930666876025	0.999964075243507	0.0000945351709410183
55429.951100194536	1.000088264444093	0.00009454883360155424
55429.97153351258	1.0000261871634355	0.00009452898926105094
55429.99196683062	0.9999066851708578	0.00009452396472587097
55430.0124002482	0.9999151930220519	0.00009452456901027945
55430.03283346531	0.999899494176801	0.0000945247298670175
55430.05326678218	1.0000012703942474	0.00009452791495503438
55430.07370019883	0.9999733276088457	0.00009452627239132863
55430.09413341501	1.0000249132457995	0.00009452723606191325
55430.11456673119	0.999886774349159	0.00009452267695128301
55430.13500014667	0.9999371499254167	0.00009452472369441613
55430.15543336215	1.0001089525311766	0.00009452997423796007
55430.175866677164	0.9999468298609014	0.00009452321819885441
55430.19630009172	0.9999663116551075	0.00009452417773874673
55430.216733306035	1.0000271928171123	0.00009452511522464663
55430.237166720115	1.000113263528913	0.00009452941307361041
55430.25760003397	1.000023949763612	0.00009452561381105837
55430.278033247356	0.9999080402544211	0.00009451975186814601
55430.298466660504	1.0001601642870552	0.0000945308802496997
55430.318899973194	0.9998974100983766	0.00009452081451304503
55430.33933328565	1.000030764466886	0.00009452526150725522
55430.35976659787	1.000150405210491	0.00009453028715321556
55430.380199909625	0.9999746207225172	0.00009452379556459492
55430.40063322114	0.9997893465688413	0.00009451820365038756
55430.4210666322	0.9999758752938581	0.0000945248184170489
55430.44149984326	0.9999352095275807	0.0000945248703243962
55430.46193315362	0.9999045181632462	0.00009452507539596509
55430.48236656398	1.0001318219948854	0.00009453334939483564
55430.50279977387	0.9999042967505853	0.00009452554043532619
55430.52323308353	0.9999978882966727	0.00009452830172337987
55430.543666392725	0.9998459180358716	0.00009452389774859542
55430.58453301042	1.0000893833888187	0.0000945351642054189
55430.60496631868	0.9999960452017035	0.00009453080076437254
55430.62539962671	1.0000556195703667	0.00009453461922056756
55430.64583303427	0.9999672953854024	0.00009453121349807262
55430.66626624184	1.0000679298795911	0.00009453582334387486
55430.68669954871	0.9999823019121235	0.00009453258771948495
55430.70713295557	0.9999412558450997	0.00009453182824313652
55430.72756616197	1.0000794985092318	0.00009453796466315458
55430.74799946814	0.9999078005926701	0.00009453097545759236
55430.76843287384	1.000005047209156	0.00009453463498671237
55430.78886607931	0.9999690074286066	0.00009453515487356172
55430.80929938455	0.9999665934769345	0.0000945348840377831
55430.829732789316	1.0000738970002452	0.00009453961541426103
55430.85016609386	0.9998825223225338	0.00009453262238448964
55430.87059929793	1.0000421123810488	0.00009454024792978518
55430.891032701766	0.9999557967522426	0.00009453715871371961
55430.911466005375	1.0001360161744357	0.00009454465515974771
55430.93189920875	0.9999233963096993	0.00009453725599968168
55430.952332611654	0.9999492181009041	0.00009453799584562187
55430.97276591433	0.9999887632123537	0.00009454134009413718
55431.013632518516	0.9999527495539366	0.00009454049793278852
55431.03406582003	0.9999288477715981	0.00009454125822028885
55431.054499221544	0.9998914228469586	0.00009453954610710635
55431.07493242258	1.0000332657353768	0.0000945469952407833
55431.095365723166	1.0000873829022376	0.00009454977331657663
55431.115799123516	1.0000244674701144	0.00009454909975825703
55431.136232323624	1.000000905375665	0.0000945495538011194
55431.15666562351	0.9999212868458683	0.0000945470354861648
55431.177098922926	1.0000955544439514	0.0000945550557138952
55431.19753222187	1.000048495264979	0.00009455519654155853
55431.217965520824	0.9998618528999152	0.00009454865452364457
55431.23839881931	0.999995621154503	0.0000945564373818045
55431.279265415345	0.9999831992356726	0.00009456135913238567
55432.21917537449	0.9964801649092629	0.0000943038878622421
55432.23960855761	0.9960422690656928	0.00009427575549188928
55432.26004194026	0.9959554861395241	0.00009426227019721894
55432.28047522245	0.9954924545276371	0.00009423511423498818
55432.300908404635	0.9951362673875376	0.00009421148951165203
55432.32134178635	0.9951082577031927	0.000094201066951117
55432.34177506761	0.9949249451527813	0.0000941884699994068
55432.362208348866	0.9949318270988081	0.00009414950434025852
55432.38264162942	0.995013409720392	0.00009414574396680525
55432.40307490998	0.994992469764638	0.00009413964386832983
55432.42350819007	0.9951674493788564	0.00009414130462816412
55432.44394146992	0.9954985225491715	0.00009414995643485171
55432.46437474955	0.9958831165061356	0.00009416116838342688
55432.48480802871	0.9981661808944359	0.00009425353605196002
55432.56654124232	1.0004921785431882	0.00009436207863889497
55432.58697441985	1.0005250801766303	0.00009436496763328786
55432.60740779714	1.0002215096659548	0.00009435634325430703
55432.62784107421	1.0004961240048496	0.00009435297624514572
55432.64827425081	1.0002200903498701	0.00009434484738382216
55432.66870762718	1.0001891205775049	0.00009434808197247324
55432.689140903305	1.0001097089590931	0.00009434926466013597
55432.709574078974	0.999999656513458	0.00009434990089900389
55432.730007454404	1.0000074961412189	0.0000943546867336638
55432.750440729375	1.0000378672585646	0.0000943613076848087
55432.770873904345	1.0001179938270968	0.00009436848038914779
55432.79130727862	1.0000355745819844	0.00009437108962570689
55432.81174055288	0.9997992072201184	0.00009436647729668984
55432.83217382669	0.9998738587943857	0.00009438321482943887
55432.852607100256	1.0000218479257164	0.00009440256064047715
55432.87304027336	0.9998504293004689	0.00009440193267254704
55432.89347364624	0.9999628658182117	0.00009441035811973047
55432.91390691888	0.9999992240335095	0.00009441722108222336
55432.93434019105	0.9999089123629058	0.00009441978931802447
55432.954773462996	1.0001496560210354	0.00009443311284282828
55432.9752067347	0.9999465615201494	0.00009443062278265114
55432.995640005945	1.0002848228451222	0.0000944494252946434
55433.03650654774	1.000007154459582	0.00009444747808133343
55433.056939818045	0.9999222989342171	0.00009444839392925586
55433.07737318813	0.9999973562487524	0.0000944563783925141
55433.09780635797	0.9998914208465324	0.00009445578522655029
55433.11823962735	1.0000175964729325	0.00009446473636617195
55433.1386729965	0.9998730161338254	0.00009446413930106566
55433.159106165185	1.0000934384500528	0.00009447693205269005
55433.17953943363	1.0000104622860377	0.00009447675990967316
55433.19997280185	0.9999385345573117	0.00009447794518859061
55433.220405969594	0.9998644329869102	0.00009447831018228627
55433.24083933735	0.9999130230662882	0.00009448456207925154
55433.2612726044	1.000085331118883	0.0000944942724654299
55433.28170577146	0.999988122966284	0.00009451063937335918
55433.30213913804	1.0001639035406302	0.00009451959602727942
55433.32257240416	1.000018538240231	0.00009451636443134419
55433.34300557028	0.9998710553556562	0.00009451286673762802
55433.363438935936	1.0001364146844214	0.00009452667793614851
55433.38387220113	0.9999043653330212	0.00009452018181404453
55433.40430546631	1.000041063532643	0.00009452117984546136
55433.42473873104	0.9998677864014249	0.00009451551889256555
55433.4451719953	0.9999185129652194	0.0000945205641330595
55433.46560525932	1.0000561024486458	0.00009453656703096606
55433.486038623116	0.9998322811669196	0.00009452897991518177
55433.50647178668	0.9998793710378162	0.00009453285319098249
55433.526905049766	1.000217029374849	0.0000945487847167639
55433.54733831263	1.000011883100324	0.00009453566104107668
55433.56777157503	0.9998859000734761	0.00009452521138079453
55433.58820493742	1.0001210496356627	0.00009456407027816142
55433.60863809912	0.9999379858895737	0.00009453171760777257
55433.62907136082	1.0001541526513413	0.0000945429432756279
55433.649504722045	0.9999305275551729	0.00009453719448844428
55433.669937883045	1.000099224780112	0.00009454713806458028
55433.69037114358	0.9999980634606299	0.00009454544798356532
55433.71080450388	0.999939418761427	0.00009454567021993859
55433.731237663946	1.0000605307847006	0.00009455179226236422
55433.75167092355	0.9998412425445105	0.00009454643292089182
55433.772104282914	0.999891841122115	0.00009455144502030504
55433.812970700725	0.9998628436851497	0.00009455554016345458
55433.83340405916	0.9999229332321389	0.00009455843218762366
55433.853837317365	1.0000803463552008	0.00009456801396612014
55433.87427057511	1.0000602143665656	0.0000945692626308347
55433.89470383261	0.9999750518363693	0.00009456807225687559
55433.91513708988	1.0001001438982602	0.00009457600644367837
55433.93557034669	1.0000430993526273	0.00009457478880442206
55433.95600360326	0.9997858623477316	0.00009456731415420436
55433.976436859375	0.9999936791071184	0.00009457678587592236
55433.996870215255	0.999954727276481	0.0000945770994925617
55434.01730337089	1.0001681289131858	0.00009458711186436445
55434.037736626306	1.000077695593688	0.00009458420162208912
55434.05816998125	0.9999123181580669	0.00009458006013228452
55434.07860313596	1.0000787142336203	0.00009458820188018616
55434.09903639021	0.9999034937068828	0.00009458303457681817
55434.119469744226	0.9999182530967575	0.00009458613509816152
55434.139902898	0.9999800025567347	0.00009458089515890342
55434.16033615155	1.0000765266818232	0.0000945938517040354
55434.18076950463	0.9999809852214686	0.00009459200553288607
55434.20120265748	0.9998239650951164	0.00009458687707444727
55434.22163590987	1.0001223853168204	0.00009460033959773127
55434.262502413934	1.0000391014781376	0.00009459993167845271
55434.28293576539	0.9997993497747757	0.00009457916411056398
55434.30336891661	1.0000907573900475	0.00009459141845754311
55434.32380216759	0.999864291229125	0.00009459836960163965
55434.34423551812	1.0000515350580974	0.00009459324757760533
55434.36466866841	1.0001051000203363	0.00009459787509108474
55434.38510191846	0.9999959072540302	0.00009459414863303502
55434.40553526805	0.9999015109655744	0.00009459204904570771
55434.425968517404	1.0000131030135635	0.00009459951450759409
55434.44640166653	0.9999036726899913	0.00009459648738791769
55434.48726826362	0.9997972037717986	0.00009459592290317887
55434.507701411574	1.0002049709872634	0.0000946129571072632
55434.52813475954	1.0000293895464023	0.00009460897948386657
55434.54856800703	1.0000735968135857	0.00009461171365455409
55434.56900115406	1.0000977613280753	0.00009461447295356086
55434.58943450086	0.9998784860020562	0.00009460789808953416
55434.609867747415	1.0001198122759392	0.0000946197155714321
55434.63030109375	1.0000386713655296	0.0000946201192761623
55434.650734239614	0.9998666222608567	0.00009461493453707095
55434.67116748524	0.9999760726708645	0.00009462221564716182
55434.69160083041	0.9999263932503742	0.00009462079644706994
55434.71203397558	0.9997933502901651	0.00009461798929932048
55434.73246722004	0.9998327506691085	0.00009462176694758785
55434.75290056451	0.9999109874686276	0.00009462539006686085
55434.773333708516	1.0001175856442577	0.00009463428475129146
55434.79376695228	1.000096677781266	0.00009463482321187512
55434.81420029559	1.0000748307926492	0.00009463543300934465
55434.83463343866	1.00019437191959	0.00009464116411075472
55434.85506668149	1.0000172479190297	0.00009463576117184874
55434.8754999241	0.9999499947660595	0.00009463326335137781
55434.89593316624	0.9999234278955136	0.00009463191484163024
55434.91636640814	1.0000578218268479	0.00009463813360859474
55434.93679974959	0.999930237464299	0.0000946327566978685
55434.957232890796	0.9999660361852181	0.00009463532481578725
55434.97766623177	0.999773799776674	0.00009462860214539324