 F
      102000    85081204           3        4000
   -0.152716407096698840E+05   -0.152400290889192911E+05
 T
   2
    0.200000000000000000E+01    0.300000000000000000E+01    0.522499999999999964E+00    0.477499999999999980E+00
   0
   0
 T T     0     0
    0.000000000000000000E+00   -0.179769313486231571+309    0.000000000000000000E+00
 F F     1  2090
    0.151506575073016127E-10   -0.157130054965962518E+05   -0.156816699830874986E+05
 F F     1  1910
    0.844813054923238183E-11   -0.152716407096698840E+05   -0.152400290889192911E+05
